country,year,gdp_per_capita,gini,urban_population,crime_rate,unemployment
Portugal,2015,19215.781301434683,35.5,61.137469211538,,13.0
Portugal,2016,19980.280886651573,35.2,61.1343011242723,,11.5
Portugal,2017,21442.384276887915,33.8,61.1296726507436,,9.2
Portugal,2018,23541.14010752886,33.5,61.1233069673808,,7.2
Portugal,2019,23343.362897003433,32.8,61.114927250613,0.71,6.6
Portugal,2020,22299.404406217305,34.7,61.1042566768691,0.79,7.1
Portugal,2021,24711.451006211093,34.6,61.0951249296597,0.8,6.7
Portugal,2022,24620.51975871808,36.3,61.1259255772782,0.72,6.2
Spain,2015,25982.44161977755,36.2,79.2454892743023,0.65,22.1
Spain,2016,26755.606114939812,35.8,79.3615955277997,0.63,19.6
Spain,2017,28381.342559690624,34.7,79.4663233085683,0.66,17.2
Spain,2018,30602.42128811132,34.7,79.5580057813361,0.62,15.3
Spain,2019,29786.5245689007,34.3,79.6349761108307,0.71,14.1
Spain,2020,27233.942646160765,34.9,79.6955674617799,0.63,15.5
Spain,2021,30799.477593777483,33.9,79.7846242983598,0.61,14.9
Spain,2022,30319.498719661635,33.6,79.9548794567814,0.69,13.0
France,2015,36702.432373337935,32.7,77.7610919150066,1.55,10.3
France,2016,37024.21571336689,31.9,78.5999114705779,1.17,10.1
France,2017,38687.162640716364,31.6,78.6467804026368,1.06,9.4
France,2018,41418.17664848442,32.4,78.6714432536599,1.04,9.0
France,2019,40408.28485747505,31.2,78.6890784549356,1.12,8.4
France,2020,39169.860600070715,30.7,78.7119131765249,1.03,8.0
France,2021,43725.0999521245,31.5,78.7364603392338,1.08,7.9
France,2022,40988.639640657944,31.2,78.7591921123356,1.21,7.3
Germany,2015,41929.75491107217,31.4,80.6974371632814,0.84,4.4
Germany,2016,42948.938193269365,31.3,80.8347870684725,1.17,3.9
Germany,2017,45553.93414953386,31.3,80.9842544038853,0.99,3.5
Germany,2018,48916.16866121543,31.9,81.1423036204018,0.95,3.2
Germany,2019,47656.199739747026,32.2,81.3053991689039,0.75,2.9
Germany,2020,47394.87345044692,32.5,81.4700055002738,0.94,3.6
Germany,2021,52349.24599944222,33.6,81.6325870653934,0.84,3.6
Germany,2022,50506.51796385433,33.7,81.7867852780995,0.82,3.1
Italy,2015,30639.882975143213,35.4,69.6100006103516,0.77,12.0
Italy,2016,31391.569289810846,35.2,69.5969232525286,0.67,11.7
Italy,2017,32844.115660604024,35.9,69.5180784259382,0.62,11.3
Italy,2018,34904.10819238336,35.2,69.4800033569336,0.6,10.6
Italy,2019,33812.788724867976,34.6,69.5050010681153,0.53,9.9
Italy,2020,32091.48666213664,35.2,69.5187492370606,0.48,9.3
Italy,2021,36852.542541495095,34.8,69.4812507629394,0.51,9.5
Italy,2022,35653.9042103495,33.7,69.4839779766539,0.55,8.1
Netherlands,2015,45793.81354346971,28.2,90.2787737214621,0.62,7.9
Netherlands,2016,46808.52914925029,28.2,90.5803239452777,0.55,7.0
Netherlands,2017,49513.6817346384,28.5,91.1219700676602,0.77,5.9
Netherlands,2018,53955.07700242659,28.1,92.6062472401044,0.58,4.9
Netherlands,2019,53554.900749147506,29.2,93.8898028856479,0.72,4.4
Netherlands,2020,53467.92774137373,26.0,94.2532277765935,0.7,4.9
Netherlands,2021,60141.98809114923,25.7,94.6294783220315,0.72,4.2
Netherlands,2022,59123.31855648699,,94.9856177734136,0.81,3.5
